pid: 5537	name: oosplash	2018-04-25 18:16:49.112453
pid: 5556	name: soffice.bin	2018-04-25 18:16:49.112479
